# Format: [WALLS] section defines all walls, [SECTORS] section groups them into rooms

[WALLS]
# ID, X1, Z1, X2, Z2, IsSolid, IsInvisible, R, G, B
# Starting Room (0-7) - Octagonal spawn area
0 -2.0 -2.0 2.0 -2.0 1 0 1.0 1.0 1.0
1 2.0 -2.0 3.0 -1.0 0 1 1.0 1.0 1.0
2 3.0 -1.0 3.0 1.0 1 0 1.0 1.0 1.0
3 3.0 1.0 2.0 2.0 1 0 1.0 1.0 1.0
4 2.0 2.0 -2.0 2.0 1 0 1.0 1.0 1.0
5 -2.0 2.0 -3.0 1.0 1 0 1.0 1.0 1.0
6 -3.0 1.0 -3.0 -1.0 1 0 1.0 1.0 1.0
7 -3.0 -1.0 -2.0 -2.0 1 0 1.0 1.0 1.0

# Corridor to Main Hall (8-11, 36) - Narrow passage
8 2.0 -2.0 2.0 -6.0 1 0 1.0 0.5 0.5
9 2.0 -6.0 4.0 -6.0 1 0 1.0 0.5 0.5
10 4.0 -6.0 4.0 -2.0 0 1 1.0 0.5 0.5
11 4.0 -2.0 3.0 -1.0 1 0 1.0 0.5 0.5
36 3.0 -1.0 2.0 -2.0 0 1 1.0 0.5 0.5

# Main Hall (12-19, 39) - Large rectangular room with angled corners
12 4.0 -6.0 4.0 -10.0 1 0 0.5 1.0 0.5
13 4.0 -10.0 6.0 -12.0 1 0 0.5 1.0 0.5
14 6.0 -12.0 10.0 -12.0 1 0 0.5 1.0 0.5
15 10.0 -12.0 12.0 -10.0 1 0 0.5 1.0 0.5
16 12.0 -10.0 12.0 -6.0 0 1 0.5 1.0 0.5
17 12.0 -6.0 10.0 -4.0 1 0 0.5 1.0 0.5
18 10.0 -4.0 6.0 -4.0 1 0 0.5 1.0 0.5
19 6.0 -4.0 4.0 -2.0 1 0 0.5 1.0 0.5
39 4.0 -2.0 4.0 -6.0 0 1 0.5 1.0 0.5

# Side Alcove (20-23, 37) - Small room off main hall
20 10.0 -12.0 10.0 -15.0 1 0 0.5 0.5 1.0
21 10.0 -15.0 14.0 -15.0 1 0 0.5 0.5 1.0
22 14.0 -15.0 14.0 -12.0 1 0 0.5 0.5 1.0
23 14.0 -12.0 12.0 -10.0 1 0 0.5 0.5 1.0
37 12.0 -10.0 10.0 -12.0 0 1 0.5 0.5 1.0

# Exit Corridor (24-27, 38) - Angled exit passage
24 14.0 -4.0 12.0 -6.0 1 0 1.0 1.0 0.5
25 16.0 -4.0 14.0 -4.0 1 0 1.0 1.0 0.5
26 16.0 -8.0 16.0 -4.0 0 1 1.0 1.0 0.5
27 12.0 -10.0 16.0 -8.0 1 0 1.0 1.0 0.5
38 12.0 -6.0 12.0 -10.0 0 1 1.0 1.0 0.5

# Final Room (28-35) - Hexagonal end room
28 18.0 -3.0 16.0 -4.0 1 0 0.5 1.0 1.0
29 20.0 -3.0 18.0 -3.0 1 0 0.5 1.0 1.0
30 21.0 -5.0 20.0 -3.0 1 0 0.5 1.0 1.0
31 21.0 -7.0 21.0 -5.0 1 0 0.5 1.0 1.0
32 20.0 -9.0 21.0 -7.0 1 0 0.5 1.0 1.0
33 18.0 -9.0 20.0 -9.0 1 0 0.5 1.0 1.0
34 16.0 -8.0 18.0 -9.0 1 0 0.5 1.0 1.0
35 16.0 -4.0 16.0 -8.0 0 1 0.5 1.0 1.0

[SECTORS]
# ID, Light, FloorHeight, CeilHeight, Wall IDs...
# Starting Room - Bright spawn area
0 0.7 0.0 3.0 0 1 2 3 4 5 6 7

# Corridor - Dim connecting passage
1 0.4 0.0 2.5 8 9 10 11 36

# Main Hall - Medium lighting, high ceiling
2 0.5 0.0 4.0 12 13 14 15 16 17 18 19 39

# Exit Corridor - Brightening towards exit
4 0.7 -0.3 3.0 38 27 26 25 24

# Final Room - Bright end goal
5 0.9 0.0 3.5 35 34 33 32 31 30 29 28
